DATE;TIME;VOLUME;OPEN;CLOSE;MIN;MAX
04/03/2012;10:20:01;329;7053.39;7058.13;7049.47;7060.33
04/03/2012;10:30:01;271;7058.44;7045.78;7045.78;7058.75
04/03/2012;10:40:01;291;7045.59;7048.15;7043.91;7050
04/03/2012;10:50:01;321;7048.2;7046.86;7042.17;7050.04
04/03/2012;11:00:01;248;7046.81;7049.13;7046.66;7053.29
04/03/2012;11:10:01;309;7049.33;7041.17;7035.8;7052.49
04/03/2012;11:20:01;353;7041.22;7029.87;7029.87;7042.35
04/03/2012;11:30:01;328;7027.76;7033.92;7027.49;7037.39
04/03/2012;11:40:01;290;7034.3;7030.64;7028.77;7039.07
04/03/2012;11:50:01;302;7030.74;7026.9;7026.05;7032.92
04/03/2012;12:00:01;368;7026.94;7039.56;7026.88;7044.05
04/03/2012;12:10:01;282;7039.52;7038.67;7035.61;7042.61
04/03/2012;12:20:01;322;7038.69;7039.03;7032.76;7044.46
04/03/2012;12:30:01;361;7038.79;7028.39;7023.75;7041.25
04/03/2012;12:40:01;312;7028.36;7036.68;7028.36;7040.09
04/03/2012;12:50:01;311;7036.49;7039.69;7033.71;7041.53
04/03/2012;13:00:01;315;7039.48;7046.49;7035.53;7050.98
04/03/2012;13:10:01;356;7046.46;7050.12;7045.24;7053.79
04/03/2012;13:20:01;332;7050.47;7049.12;7048.83;7052.01
04/03/2012;13:30:01;362;7050.64;7050.58;7044.75;7055.71
04/03/2012;13:40:01;383;7050.59;7037.37;7032.7;7050.73
04/03/2012;13:50:01;372;7037.41;7038.28;7031.1;7044.84
04/03/2012;14:00:01;342;7038.19;7046.05;7028.21;7047.88
04/03/2012;14:10:01;323;7045.85;7020.84;7020.15;7046.85
04/03/2012;14:20:01;369;7021;7020.24;7005.03;7025.12
04/03/2012;14:30:01;383;7020.3;7027.44;7019.86;7034.16
04/03/2012;14:40:01;313;7027.53;7040.29;7026.84;7047.16
04/03/2012;14:50:01;349;7039.97;7042.31;7039.96;7049.01
04/03/2012;15:00:01;386;7042.15;7031.46;7031.07;7042.34
04/03/2012;15:10:01;443;7031.16;7010.6;7009.73;7031.36
04/03/2012;15:20:01;468;7010.58;6991.42;6991.42;7013.59
04/03/2012;15:30:01;176;6991.37;6982.28;6981.21;6996.29
04/04/2012;07:00:01;401;6940.61;6917.42;6916.94;6944.4
04/04/2012;07:10:01;515;6917.03;6914.78;6905.21;6921.06
04/04/2012;07:20:01;514;6912.83;6902.06;6902.06;6919.19
04/04/2012;07:30:01;537;6902.21;6892.51;6881.59;6902.48
04/04/2012;07:40:01;480;6892.42;6892.39;6887.71;6896.49
04/04/2012;07:50:01;488;6892.21;6892.39;6890.79;6900.04
04/04/2012;08:00:01;477;6892.35;6896.57;6880.24;6897.62
04/04/2012;08:10:01;456;6896.74;6902.46;6890.34;6908.65
04/04/2012;08:20:01;420;6902.45;6901.99;6900.59;6910.63
04/04/2012;08:30:01;421;6902.03;6905.49;6893.08;6906.65
04/04/2012;08:40:01;442;6905.8;6884.59;6880.24;6907.8
04/04/2012;08:50:01;473;6885.12;6858.93;6855.03;6886.87
04/04/2012;09:00:01;469;6858.98;6865.56;6855.9;6870.74
04/04/2012;09:10:01;451;6865.78;6854.74;6851.52;6865.78
04/04/2012;09:20:01;446;6854.94;6868.62;6854.94;6875.24
04/04/2012;09:30:01;440;6868.54;6857;6856.78;6871.33
04/04/2012;09:40:01;400;6856.98;6865.46;6855.98;6867.23
04/04/2012;09:50:01;364;6865.08;6864.47;6858.27;6866.57
04/04/2012;10:00:01;441;6864.45;6857.54;6851.05;6864.45
04/04/2012;10:10:01;393;6857.25;6850.73;6850.44;6861.86
04/04/2012;10:20:01;427;6850.66;6862.38;6849.84;6867.43
04/04/2012;10:30:01;350;6862.28;6864.94;6854.75;6867.5
04/04/2012;10:40:01;338;6865.05;6866.1;6860.09;6872.93
04/04/2012;10:50:01;368;6866.06;6856.83;6853.79;6872.36
04/04/2012;11:00:01;372;6855.58;6850.47;6841.8;6856.3
04/04/2012;11:10:01;349;6850.42;6847.92;6842.52;6851.56
04/04/2012;11:20:01;346;6848.02;6851.36;6847.27;6857.5
04/04/2012;11:30:01;340;6851.32;6855.18;6850.67;6856.91
04/04/2012;11:40:01;324;6854.9;6859.46;6854.02;6863.22
04/04/2012;11:50:01;338;6859.07;6854.5;6852.41;6863.39
04/04/2012;12:00:01;370;6854.9;6860.42;6850.78;6860.53
04/04/2012;12:10:01;391;6860.51;6860.11;6855.44;6864.07
04/04/2012;12:20:01;361;6860.07;6851.58;6846.03;6860.55
04/04/2012;12:30:01;403;6851.55;6833.22;6828.05;6851.67
04/04/2012;12:40:01;437;6833.3;6835.35;6822.33;6844.28
04/04/2012;12:50:01;385;6835.28;6831.31;6828.19;6836.8
04/04/2012;13:00:01;410;6831.25;6830.75;6827.25;6833.55
04/04/2012;13:10:01;398;6831.15;6829.01;6826.69;6836.8
04/04/2012;13:20:01;381;6828.86;6830.3;6828.58;6838.77
04/04/2012;13:30:01;333;6830.74;6834.76;6816.41;6836.27
04/04/2012;13:40:01;396;6834.61;6836.76;6832.24;6845.71
04/04/2012;13:50:01;399;6837.03;6843.4;6835.24;6846.92
04/04/2012;14:00:01;190;6843.23;6830.4;6825.9;6843.55
04/04/2012;14:10:01;306;6828.51;6810.96;6807.06;6829.62
04/04/2012;14:20:01;407;6811.04;6801.36;6794.1;6816.34
04/04/2012;14:30:01;360;6801.38;6809.74;6793.25;6809.74
04/04/2012;14:40:01;444;6809.81;6793.36;6786.47;6810.1
04/04/2012;14:50:01;413;6793.81;6782.08;6773.14;6793.81
04/04/2012;15:00:01;399;6781.51;6792.23;6775.47;6792.72
04/04/2012;15:10:01;472;6792.33;6785.39;6778.99;6800.76
04/04/2012;15:20:01;550;6785.41;6780.1;6775.44;6786.65
04/04/2012;15:30:01;138;6780.08;6784.06;6772.95;6784.06
04/05/2012;07:00:01;383;6817.85;6819.68;6812.13;6825.19
04/05/2012;07:10:01;482;6819.98;6809.99;6808;6824.64
04/05/2012;07:20:01;476;6809.74;6814.44;6804.1;6816.35
04/05/2012;07:30:01;435;6814.59;6807.04;6802.4;6814.88
04/05/2012;07:40:01;419;6806.33;6812.37;6806.2;6816.58
04/05/2012;07:50:01;484;6812.29;6828.14;6812.16;6830.71
04/05/2012;08:00:01;467;6827.72;6820.82;6818.39;6831.36
04/05/2012;08:10:01;435;6820.8;6810.94;6808.7;6826.06
04/05/2012;08:20:01;413;6810.76;6805.07;6802.87;6818.26
04/05/2012;08:30:01;490;6804.76;6781.02;6779.42;6804.76
04/05/2012;08:40:01;507;6781.11;6755.63;6746.58;6781.11
04/05/2012;08:50:01;467;6755.66;6770.84;6750.28;6770.89
04/05/2012;09:00:01;458;6770.77;6781.86;6768.95;6787.22
04/05/2012;09:10:01;416;6781.88;6776.68;6769.25;6784.96
04/05/2012;09:20:01;475;6776.69;6764.74;6753.92;6776.93
04/05/2012;09:30:01;511;6764.78;6723.91;6723.91;6765.89
04/05/2012;09:40:01;529;6723.78;6717.07;6704.77;6727.45
04/05/2012;09:50:01;517;6717.16;6710.76;6700.06;6719.08
04/05/2012;10:00:01;517;6710.36;6703.17;6685.8;6710.36
04/05/2012;10:10:01;489;6703.12;6698.65;6689.45;6705.67
04/05/2012;10:20:01;457;6698.97;6708.33;6696.68;6710.53
04/05/2012;10:30:01;472;6708.32;6707.92;6703.93;6712.63
04/05/2012;10:40:01;397;6708.02;6704.3;6697.48;6709.37
04/05/2012;10:50:01;443;6704.36;6721.66;6704.12;6722.66
04/05/2012;11:00:01;340;6721.53;6723.27;6714.87;6724.25
04/05/2012;11:10:01;391;6722.97;6723.75;6717.27;6724.02
04/05/2012;11:20:01;398;6723.7;6727.19;6723.7;6731.37
04/05/2012;11:30:01;363;6727.55;6717.78;6716.12;6727.55
04/05/2012;11:40:01;378;6717.77;6718.16;6703.73;6718.16
04/05/2012;11:50:01;430;6718.27;6732.46;6718.13;6734.2
04/05/2012;12:00:01;407;6732.56;6722.41;6718.58;6732.56
04/05/2012;12:10:01;365;6722.23;6718.36;6714.34;6724.07
04/05/2012;12:20:01;427;6718.58;6708.91;6703.03;6719.26
04/05/2012;12:30:01;386;6708.05;6716.72;6708.05;6727.54
04/05/2012;12:40:01;366;6716.51;6727.37;6712.47;6730.62
04/05/2012;12:50:01;406;6727.32;6721.19;6720.1;6729.83
04/05/2012;13:00:01;354;6721.02;6721.29;6718.1;6726.44
04/05/2012;13:10:01;357;6721.27;6715.77;6714.69;6723.59
04/05/2012;13:20:01;395;6715.72;6727.97;6714.62;6728.96
04/05/2012;13:30:01;421;6727.45;6735.49;6723.06;6735.49
04/05/2012;13:40:01;444;6735.29;6751.61;6734.58;6754.67
04/05/2012;13:50:01;470;6751.6;6750.35;6748.98;6761.31
04/05/2012;14:00:01;433;6750.46;6776.74;6750.23;6778.41
04/05/2012;14:10:01;448;6776.89;6759.23;6758.29;6780.63
04/05/2012;14:20:01;447;6759.43;6767;6756.46;6772.58
04/05/2012;14:30:01;404;6767.05;6767.87;6754.97;6771.97
04/05/2012;14:40:01;427;6769.49;6785.31;6769.49;6786.06
04/05/2012;14:50:01;424;6785.06;6779.41;6773.44;6785.46
04/05/2012;15:00:01;461;6780.58;6783.29;6776.58;6785.44
04/05/2012;15:10:01;477;6783.34;6779.48;6778.71;6791.03
04/05/2012;15:20:01;506;6779.52;6780.33;6779.17;6783.66
04/05/2012;15:30:01;22;6780.58;6775.26;6775.26;6780.94
04/10/2012;07:00:01;398;6694.72;6701.93;6685.43;6708.13
04/10/2012;07:10:01;517;6701.81;6692.05;6691.96;6709.88
04/10/2012;07:20:01;505;6690.27;6680.79;6674.38;6693.57
04/10/2012;07:30:01;517;6680.14;6691.99;6667.89;6697.12
04/10/2012;07:40:01;450;6691.89;6682.79;6678.11;6695.31
04/10/2012;07:50:01;471;6682.65;6701.39;6682.15;6703.22
04/10/2012;08:00:01;444;6701.45;6697.98;6691.82;6708.88
04/10/2012;08:10:01;456;6697.93;6714.43;6693.26;6716.16
04/10/2012;08:20:01;433;6714.47;6722.97;6713.44;6725.76
04/10/2012;08:30:01;387;6722.95;6723.24;6715.06;6727.88
04/10/2012;08:40:01;422;6722.3;6718.69;6718.56;6730.94
04/10/2012;08:50:01;378;6718.47;6718.52;6717.74;6728.48
04/10/2012;09:00:01;394;6718.66;6721.19;6717.7;6726.06
04/10/2012;09:10:01;390;6721.17;6727.23;6717.79;6727.62
04/10/2012;09:20:01;401;6726.81;6734.62;6724.26;6737.92
04/10/2012;09:30:01;362;6734.49;6726.57;6726.27;6737.92
04/10/2012;09:40:01;353;6726.61;6726.68;6720.1;6730.27
04/10/2012;09:50:01;363;6726.64;6727.17;6724.42;6732.63
04/10/2012;10:00:01;397;6727.15;6718.18;6713.11;6727.49
04/10/2012;10:10:01;349;6717.98;6715.24;6708.7;6717.98
04/10/2012;10:20:01;379;6715.57;6719.87;6711.17;6721.86
04/10/2012;10:30:01;263;6719.8;6722.26;6714.87;6722.26
04/10/2012;10:40:01;297;6722.36;6722.99;6721.97;6727.17
04/10/2012;10:50:01;352;6722.94;6702.34;6700.64;6723.02
04/10/2012;11:00:01;274;6702.44;6705.28;6701.77;6705.89
04/10/2012;11:10:01;269;6705.17;6706.58;6703.15;6708.13
04/10/2012;11:20:01;328;6706.47;6702.01;6697.98;6707.52
04/10/2012;11:30:01;345;6702.06;6695.65;6694.88;6702.09
04/10/2012;11:40:01;315;6695.94;6704.87;6695.91;6706.21
04/10/2012;11:50:01;287;6704.85;6709.44;6702.18;6710.8
04/10/2012;12:00:01;346;6709.15;6714.15;6706.37;6718.78
04/10/2012;12:10:01;303;6714.46;6706.67;6704.74;6716.28
04/10/2012;12:20:01;371;6706.61;6709.64;6698.63;6709.64
04/10/2012;12:30:01;356;6709.64;6711.99;6708.35;6717.32
04/10/2012;12:40:01;317;6711.9;6705.31;6701.92;6712.13
04/10/2012;12:50:01;333;6705.33;6709.55;6705.15;6713.41
04/10/2012;13:00:01;360;6709.53;6701.1;6699.46;6711.43
04/10/2012;13:10:01;350;6701.09;6700.08;6693.82;6701.91
04/10/2012;13:20:01;363;6700.07;6697.84;6695.88;6705.26
04/10/2012;13:30:01;361;6696.17;6714.94;6693.87;6714.97
04/10/2012;13:40:01;317;6714.89;6702.67;6701.93;6719.76
04/10/2012;13:50:01;388;6702.65;6702.26;6696.19;6707.56
04/10/2012;14:00:01;358;6702.35;6674.46;6674.46;6709.11
04/10/2012;14:10:01;360;6674.72;6671.35;6668.7;6680.87
04/10/2012;14:20:01;408;6671.54;6684.54;6665.74;6685.44
04/10/2012;14:30:01;405;6684.64;6676.31;6674.26;6685.58
04/10/2012;14:40:01;449;6675.99;6671.95;6670.86;6683.11
04/10/2012;14:50:01;405;6672.6;6657.97;6654.35;6674.58
04/10/2012;15:00:01;442;6658.08;6655.93;6653.3;6661.25
04/10/2012;15:10:01;448;6655.17;6633.99;6632.82;6655.17
04/10/2012;15:20:01;472;6633.98;6629.51;6623.98;6637.02
04/10/2012;15:30:01;19;6629.2;6606.43;6606.43;6629.31
04/11/2012;07:00:01;475;6628.66;6655.63;6625.97;6655.79
04/11/2012;07:10:01;494;6655.39;6653.46;6644.72;6659.39
04/11/2012;07:20:01;467;6653.3;6653.27;6645.95;6659.25
04/11/2012;07:30:01;519;6653;6646.08;6642.93;6657.03
04/11/2012;07:40:01;503;6645.85;6626.63;6625.73;6646.28
04/11/2012;07:50:01;519;6625.84;6613.97;6603.07;6628.41
04/11/2012;08:00:01;536;6613.72;6637.04;6604.64;6637.21
04/11/2012;08:10:01;448;6637.17;6646.01;6632.45;6647.45
04/11/2012;08:20:01;456;6645.97;6657.33;6642.92;6657.33
04/11/2012;08:30:01;464;6657.83;6661.17;6657.38;6668.06
04/11/2012;08:40:01;484;6661.42;6647.54;6645.14;6666.77
04/11/2012;08:50:01;453;6647.92;6649.82;6645.94;6664.22
04/11/2012;09:00:01;413;6649.76;6660.62;6648.95;6660.77
04/11/2012;09:10:01;459;6660.74;6664.53;6657.62;6670.35
04/11/2012;09:20:01;424;6664.45;6669.62;6656.37;6672.87
04/11/2012;09:30:01;450;6669.77;6668.81;6659.61;6676.4
04/11/2012;09:40:01;381;6668.8;6672.82;6668.8;6676.15
04/11/2012;09:50:01;419;6672.78;6688.19;6669.69;6690.23
04/11/2012;10:00:01;408;6688.27;6685.65;6682.06;6692.57
04/11/2012;10:10:01;400;6685.54;6682.21;6680.14;6688.34
04/11/2012;10:20:01;381;6682.11;6684.37;6681.26;6689.31
04/11/2012;10:30:01;403;6684.18;6687.71;6680.07;6690.12
04/11/2012;10:40:01;357;6687.72;6687.59;6681.95;6690.26
04/11/2012;10:50:01;361;6687.24;6698.12;6684.74;6698.12
04/11/2012;11:00:01;315;6699.8;6694.14;6690.74;6699.94
04/11/2012;11:10:01;333;6693.77;6695.35;6691.95;6698.43
04/11/2012;11:20:01;347;6695.3;6699.81;6694.26;6702.87
04/11/2012;11:30:01;387;6699.82;6693.45;6693.45;6701.53
04/11/2012;11:40:01;344;6693.49;6697.24;6691.9;6697.72
04/11/2012;11:50:01;368;6697.3;6680.88;6677.23;6697.33
04/11/2012;12:00:01;373;6680.55;6684;6675.83;6684
04/11/2012;12:10:01;300;6684.09;6689.51;6681.4;6689.51
04/11/2012;12:20:01;357;6688.3;6693.04;6682.61;6695.28
04/11/2012;12:30:01;294;6692.86;6702.1;6692.14;6710.26
04/11/2012;12:40:01;392;6702.15;6696.97;6696.86;6708.48
04/11/2012;12:50:01;335;6697.14;6704.34;6696.28;6706.5
04/11/2012;13:00:01;343;6704.39;6697.63;6694.61;6704.83
04/11/2012;13:10:01;377;6697.43;6701.41;6697.32;6706.68
04/11/2012;13:20:01;395;6701.42;6707.39;6701.42;6712.23
04/11/2012;13:30:01;317;6707.17;6698.84;6697.93;6708.21
04/11/2012;13:40:01;354;6698.48;6686.28;6685.51;6704.38
04/11/2012;13:50:01;327;6686.37;6691.04;6678.25;6693.85
04/11/2012;14:00:01;379;6690.87;6708.89;6690.62;6713.73
04/11/2012;14:10:01;308;6708.92;6716.72;6704.84;6718.92
04/11/2012;14:20:01;339;6717.08;6711.53;6709.07;6719.54
04/11/2012;14:30:01;364;6711.64;6716.01;6711.64;6722.52
04/11/2012;14:40:01;388;6715.97;6694.15;6691.78;6719.47
04/11/2012;14:50:01;434;6694.2;6689.22;6679.57;6699.32
04/11/2012;15:00:01;432;6689.25;6678.1;6671.62;6689.3
04/11/2012;15:10:01;434;6677.93;6669.01;6657.91;6677.93
04/11/2012;15:20:01;460;6669.14;6662.86;6660.78;6670.04
04/11/2012;15:30:01;23;6663.39;6674.73;6663.39;6674.73
04/12/2012;07:00:01;335;6710.37;6704.87;6695.94;6710.37
04/12/2012;07:10:01;338;6704.7;6725;6704.55;6726.26
04/12/2012;07:20:01;414;6725.08;6719.69;6718.89;6729.2
04/12/2012;07:30:01;332;6719.51;6704.59;6700.44;6719.51
04/12/2012;07:40:01;291;6704.43;6695.25;6689.08;6704.43
04/12/2012;07:50:01;351;6695.23;6684.15;6669.9;6695.62
04/12/2012;08:00:01;324;6684.2;6709.04;6684.2;6709.04
04/12/2012;08:10:01;351;6708.83;6706.25;6704.98;6714.47
04/12/2012;08:20:01;395;6706.73;6719.03;6702.14;6719.33
04/12/2012;08:30:01;366;6718.82;6726.98;6718.04;6738.67
04/12/2012;08:40:01;355;6726.61;6723.24;6720.45;6734.92
04/12/2012;08:50:01;373;6723.19;6704.86;6703.94;6723.19
04/12/2012;09:00:01;324;6704.69;6674.44;6673.18;6712.12
04/12/2012;09:10:01;296;6674.31;6677.74;6668.7;6686.72
04/12/2012;09:20:01;310;6675.74;6685.24;6661.95;6687.65
04/12/2012;09:30:01;337;6684.96;6687.04;6675.94;6688.31
04/12/2012;09:40:01;363;6687.08;6686.92;6684.92;6698.2
04/12/2012;09:50:01;345;6686.98;6676.9;6676.9;6690.02
04/12/2012;10:00:01;372;6676.53;6685.48;6669.88;6685.48
04/12/2012;10:10:01;370;6684.81;6690.97;6683.86;6693.43
04/12/2012;10:20:01;378;6691.1;6706.72;6690.35;6707.57
04/12/2012;10:30:01;332;6706.71;6715.4;6703.29;6715.79
04/12/2012;10:40:01;284;6713.39;6711.97;6710.39;6718.08
04/12/2012;10:50:01;293;6712.03;6710.37;6707.53;6714.84
04/12/2012;11:00:01;298;6710.5;6709.51;6708.41;6713.58
04/12/2012;11:10:01;299;6709.37;6708.71;6706.2;6711.53
04/12/2012;11:20:01;310;6708.74;6710.25;6705.08;6712.7
04/12/2012;11:30:01;285;6710.63;6720.68;6710.63;6722.93
04/12/2012;11:40:01;296;6720.86;6718.42;6716.38;6724.7
04/12/2012;11:50:01;368;6719.48;6714.88;6709.82;6727.07
04/12/2012;12:00:01;323;6715.07;6712.82;6711.88;6723.08
04/12/2012;12:10:01;350;6712.87;6691.72;6690.06;6715.09
04/12/2012;12:20:01;371;6691.75;6697.79;6688.03;6698.24
04/12/2012;12:30:01;437;6695.78;6682.03;6670.38;6695.78
04/12/2012;12:40:01;465;6682.11;6663.4;6651.81;6682.11
04/12/2012;12:50:01;420;6663.51;6677.55;6660.49;6679.06
04/12/2012;13:00:01;372;6677.44;6672.76;6666.69;6678.23
04/12/2012;13:10:01;373;6672.86;6669.72;6665.62;6676.9
04/12/2012;13:20:01;350;6669.83;6675.8;6669.03;6682.79
04/12/2012;13:30:01;146;6675.81;6686.37;6670.59;6689.04
04/12/2012;13:40:01;131;6686.47;6705.44;6686.47;6708.99
04/12/2012;13:50:01;146;6705.4;6717.57;6704.14;6722.21
04/12/2012;14:00:01;164;6717.23;6712.39;6707.78;6722.29
04/12/2012;14:10:01;154;6712.23;6711.75;6711.67;6725.54
04/12/2012;14:20:01;184;6711.64;6721.07;6705.08;6721.22
04/12/2012;14:30:01;145;6721.03;6744.36;6719.08;6747.5
04/12/2012;14:40:01;177;6744.34;6746.19;6742.02;6754.19
04/12/2012;14:50:01;165;6746.55;6748.64;6738.2;6749.05
04/12/2012;15:00:01;135;6750.19;6749.75;6749.7;6758.28
04/12/2012;15:10:01;187;6749.32;6754.39;6747.77;6757.12
04/12/2012;15:20:01;209;6754.55;6746.59;6746.59;6761.78
04/12/2012;15:30:01;9;6745.77;6743.24;6743.24;6746.75
04/13/2012;07:00:01;372;6732.07;6734.18;6718.88;6737.01
04/13/2012;07:10:01;500;6734.23;6738.49;6726.94;6743.01
04/13/2012;07:20:01;490;6738.45;6711.91;6708.86;6739.46
04/13/2012;07:30:01;456;6711.69;6720.9;6703.33;6725.53
04/13/2012;07:40:01;473;6721.13;6718.73;6714.19;6734.99
04/13/2012;07:50:01;445;6718.67;6717.63;6704.83;6721.5
04/13/2012;08:00:01;430;6717.53;6701.37;6694.12;6717.53
04/13/2012;08:10:01;425;6701.3;6703.59;6699.16;6708.98
04/13/2012;08:20:01;491;6702.35;6670.97;6670.97;6705.14
04/13/2012;08:30:01;475;6670.45;6673.76;6663.36;6681.04
04/13/2012;08:40:01;429;6673.97;6672.75;6671.32;6687.12
04/13/2012;08:50:01;435;6672.05;6677.58;6669.34;6681.64
04/13/2012;09:00:01;463;6679.14;6667.78;6659.75;6680.08
04/13/2012;09:10:01;383;6668.27;6676.14;6662.26;6677
04/13/2012;09:20:01;358;6676.06;6676.34;6668.66;6677.51
04/13/2012;09:30:01;357;6676.07;6685.42;6674.65;6685.57
04/13/2012;09:40:01;371;6685.58;6674.48;6672.72;6686.3
04/13/2012;09:50:01;357;6674.49;6683;6674.49;6686
04/13/2012;10:00:01;332;6682.91;6676.05;6673.5;6683.99
04/13/2012;10:10:01;398;6676.49;6692.48;6674.56;6693.26
04/13/2012;10:20:01;420;6692.44;6699.32;6691.53;6699.93
04/13/2012;10:30:01;442;6699.22;6694.63;6691.4;6700.28
04/13/2012;10:40:01;397;6694.72;6699.47;6692.49;6700.91
04/13/2012;10:50:01;410;6699.49;6713.28;6696.49;6717.37
04/13/2012;11:00:01;308;6713.18;6709.23;6705.62;6713.71
04/13/2012;11:10:01;391;6708.68;6703.24;6698.37;6711.34
04/13/2012;11:20:01;373;6703.34;6709.1;6703.34;6716.67
04/13/2012;11:30:01;341;6708.8;6708.59;6704.12;6711.87
04/13/2012;11:40:01;356;6708.6;6694.44;6692.53;6709.84
04/13/2012;11:50:01;330;6694.13;6684.17;6682.65;6698.51
04/13/2012;12:00:01;355;6684.38;6673.97;6671.39;6684.95
04/13/2012;12:10:01;369;6674.07;6686.95;6671.72;6689.72
04/13/2012;12:20:01;395;6687.07;6671.74;6662.86;6688.29
04/13/2012;12:30:01;379;6671.43;6671.2;6664.52;6676.96
04/13/2012;12:40:01;396;6671.09;6679.29;6666.95;6684.58
04/13/2012;12:50:01;355;6679.53;6693.95;6678.99;6695.51
04/13/2012;13:00:01;358;6694.01;6689.18;6687.73;6697.48
04/13/2012;13:10:01;345;6689.17;6687.31;6680.85;6692.96
04/13/2012;13:20:01;386;6687.69;6683.71;6681.43;6688.06
04/13/2012;13:30:01;395;6684.46;6637.87;6637.25;6684.61
04/13/2012;13:40:01;400;6636.62;6624.41;6624.41;6644.87
04/13/2012;13:50:01;497;6623.5;6610.98;6607.69;6626.08
04/13/2012;14:00:01;406;6609.64;6611.04;6598.57;6614.15
04/13/2012;14:10:01;426;6611.28;6560.43;6560.43;6612.16
04/13/2012;14:20:01;472;6558.46;6578.56;6553.31;6579.62
04/13/2012;14:30:01;464;6578.93;6583.83;6561.77;6587.25
04/13/2012;14:40:01;464;6583.69;6577.23;6567.03;6583.69
04/13/2012;14:50:01;494;6577.37;6589.11;6569.91;6589.11
04/13/2012;15:00:01;448;6589.12;6593.7;6589.12;6605.62
04/13/2012;15:10:01;430;6593.67;6582.51;6581.49;6593.85
04/13/2012;15:20:01;530;6582.5;6584.16;6576.86;6592.02
04/13/2012;15:30:01;23;6583.73;6583.9;6581.56;6584.79
04/16/2012;07:00:01;494;6556.3;6558.67;6548.39;6566.18
04/16/2012;07:10:01;519;6558.59;6565.64;6549.65;6569.11
04/16/2012;07:20:01;212;6565.65;6579.68;6563.11;6579.88
04/16/2012;07:30:01;207;6579.68;6575.51;6574.64;6595.43
04/16/2012;07:40:01;483;6575.5;6573;6562.44;6576.65
04/16/2012;07:50:01;483;6572.79;6571.44;6570.61;6589.06
04/16/2012;08:00:01;503;6570.18;6571.09;6568.76;6586.85
04/16/2012;08:10:01;504;6571.24;6564.69;6555.68;6577.26
04/16/2012;08:20:01;473;6564.16;6560.52;6554.74;6576.32
04/16/2012;08:30:01;498;6560.39;6583.31;6559.94;6590.34
04/16/2012;08:40:01;463;6583.22;6593.72;6581.57;6597.05
04/16/2012;08:50:01;454;6593.95;6606.97;6592.8;6606.99
04/16/2012;09:00:01;414;6606.61;6610.94;6600.57;6611.09
04/16/2012;09:10:01;419;6611.11;6602.67;6602.5;6611.76
04/16/2012;09:20:01;396;6602.59;6616.58;6602.29;6616.58
04/16/2012;09:30:01;424;6616.52;6626.42;6609.89;6626.68
04/16/2012;09:40:01;421;6626.53;6625.46;6621.68;6627.26
04/16/2012;09:50:01;400;6625.39;6633.38;6625.32;6634.03
04/16/2012;10:00:01;398;6633.6;6637.66;6630.94;6637.66
04/16/2012;10:10:01;385;6637.58;6632.79;6629.5;6637.71
04/16/2012;10:20:01;371;6632.97;6635.42;6632.49;6642.44
04/16/2012;10:30:01;365;6635.53;6631.77;6626.15;6635.53
04/16/2012;10:40:01;322;6631.67;6628.66;6627.5;6631.67
04/16/2012;10:50:01;319;6628.63;6628.42;6627.3;6632.79
04/16/2012;11:00:01;252;6628.33;6630.42;6627.75;6631.33
04/16/2012;11:10:01;309;6630.39;6635.09;6629.73;6636.19
04/16/2012;11:20:01;293;6635.14;6634.11;6631.24;6635.55
04/16/2012;11:30:01;290;6633.62;6631.53;6631.32;6636.19
04/16/2012;11:40:01;370;6631.51;6616.63;6616.63;6631.51
04/16/2012;11:50:01;370;6616.57;6613.61;6611.51;6621.36
04/16/2012;12:00:01;391;6613.71;6615.61;6603.13;6616.23
04/16/2012;12:10:01;343;6615.68;6617.05;6613.86;6621.14
04/16/2012;12:20:01;346;6617.04;6618.07;6616.17;6621.17
04/16/2012;12:30:01;475;6618.27;6643.75;6616.57;6648.4
04/16/2012;12:40:01;406;6643.6;6646.46;6641.23;6653.39
04/16/2012;12:50:01;402;6646.35;6646.56;6644.87;6653.19
04/16/2012;13:00:01;381;6646.47;6667.44;6646.38;6668.39
04/16/2012;13:10:01;314;6667.27;6663.59;6662.28;6668.77
04/16/2012;13:20:01;372;6663.65;6664.11;6662.31;6672.87
04/16/2012;13:30:01;390;6664.12;6662.72;6660.07;6675.23
04/16/2012;13:40:01;364;6662.83;6660.67;6652.98;6662.83
04/16/2012;13:50:01;354;6660.72;6648.98;6639.8;6661.05
04/16/2012;14:00:01;307;6649.24;6638.51;6636.9;6649.26
04/16/2012;14:10:01;361;6639.34;6614.54;6601.66;6640.52
04/16/2012;14:20:01;343;6614.49;6623.71;6605.39;6625.82
04/16/2012;14:30:01;161;6624.78;6612.58;6609.49;6624.83
04/16/2012;14:40:01;380;6612.49;6635.12;6612.49;6635.98
04/16/2012;14:50:01;426;6635.07;6621.56;6621.51;6636.75
04/16/2012;15:00:01;444;6621.61;6635.72;6615.2;6635.72
04/16/2012;15:10:01;471;6635.63;6647.76;6635.63;6652.6
04/16/2012;15:20:01;517;6647.74;6643.9;6641.21;6652.76
04/16/2012;15:30:01;18;6643.91;6625.19;6625.19;6643.91
04/17/2012;07:00:01;477;6625.71;6643.01;6616.95;6646.13
04/17/2012;07:10:01;438;6643.06;6650.43;6639.58;6652.51
04/17/2012;07:20:01;493;6650.14;6649.27;6641.24;6657.78
04/17/2012;07:30:01;485;6650;6642.55;6637.72;6650.99
04/17/2012;07:40:01;437;6642.54;6657.67;6642.54;6658.26
04/17/2012;07:50:01;439;6657.83;6661.93;6656.35;6667.09
04/17/2012;08:00:01;402;6661.98;6661.51;6657.08;6664.65
04/17/2012;08:10:01;384;6661.6;6659.69;6653.33;6661.6
04/17/2012;08:20:01;447;6659.43;6663.72;6654.5;6663.99
04/17/2012;08:30:01;423;6663.99;6688.71;6660.95;6688.82
04/17/2012;08:40:01;410;6690.72;6691.69;6685.97;6695.16
04/17/2012;08:50:01;410;6691.63;6690.28;6683.99;6695.37
04/17/2012;09:00:01;349;6690.13;6701.79;6690.12;6709.78
04/17/2012;09:10:01;394;6701.69;6697.2;6693.35;6702.82
04/17/2012;09:20:01;385;6697.01;6695.66;6689.46;6698.54
04/17/2012;09:30:01;404;6696.08;6702.8;6695.56;6705.12
04/17/2012;09:40:01;416;6702.81;6709.32;6700.54;6711.47
04/17/2012;09:50:01;427;6708.88;6696.49;6693.26;6710.13
04/17/2012;10:00:01;399;6696.47;6692.08;6686.61;6697.15
04/17/2012;10:10:01;394;6692.34;6694.25;6691.72;6698.04
04/17/2012;10:20:01;329;6694.3;6697.12;6691.56;6697.32
04/17/2012;10:30:01;334;6697.19;6699.97;6697.19;6705.51
04/17/2012;10:40:01;355;6699.78;6705.4;6699.38;6714.39
04/17/2012;10:50:01;322;6705.25;6702.09;6700.12;6705.25
04/17/2012;11:00:01;280;6702.08;6707.67;6699.83;6708.56
04/17/2012;11:10:01;319;6707.61;6710.13;6702.59;6711.81
04/17/2012;11:20:01;346;6710.24;6711.59;6706.77;6716.65
04/17/2012;11:30:01;292;6711.62;6705.95;6705.32;6713.72
04/17/2012;11:40:01;297;6705.23;6702.37;6698.76;6705.23
04/17/2012;11:50:01;362;6702.4;6692.56;6688.63;6702.57
04/17/2012;12:00:01;282;6692.71;6693.42;6692.25;6696
04/17/2012;12:10:01;288;6693.51;6694.88;6693.29;6697.24
04/17/2012;12:20:01;316;6694.64;6704.94;6694.6;6706.68
04/17/2012;12:30:01;281;6705.13;6705.33;6691.41;6706.6
04/17/2012;12:40:01;319;6705.39;6709.86;6704.03;6711.65
04/17/2012;12:50:01;354;6709.78;6710.33;6708.54;6712.78
04/17/2012;13:00:01;384;6710.36;6724.72;6710.36;6731.4
04/17/2012;13:10:01;344;6725.13;6717.11;6715.47;6727.67
04/17/2012;13:20:01;334;6717.28;6721.12;6717.26;6726.82
04/17/2012;13:30:01;239;6721.32;6733.57;6721.32;6736.91
04/17/2012;13:40:01;101;6732.5;6726.95;6723.11;6732.5
04/17/2012;13:50:01;111;6726.59;6724.06;6719.34;6730.12
04/17/2012;14:00:01;162;6722.04;6717.73;6702.6;6722.04
04/17/2012;14:10:01;253;6717.64;6737.43;6715.18;6738.96
04/17/2012;14:20:01;320;6737.22;6739.33;6735.16;6741.93
04/17/2012;14:30:01;222;6739.5;6732.75;6731.75;6745.09
04/17/2012;14:40:01;127;6732.69;6748.82;6731.16;6754.03
04/17/2012;14:50:01;139;6748.73;6758.51;6746.77;6758.51
04/17/2012;15:00:01;224;6760.54;6786.43;6760.54;6796.64
04/17/2012;15:10:01;289;6786.35;6794.34;6782.28;6794.45
04/17/2012;15:20:01;329;6794.27;6796.64;6789.36;6799.6
04/17/2012;15:30:01;11;6796.26;6800.38;6796.26;6800.38
04/18/2012;07:00:01;506;6780.49;6781.62;6766.82;6781.62
04/18/2012;07:10:01;504;6782.5;6774.52;6770.32;6789.52
04/18/2012;07:20:01;489;6774.57;6760.45;6758.51;6781.47
04/18/2012;07:30:01;460;6760.35;6772.16;6757.71;6778.6
04/18/2012;07:40:01;489;6772.21;6798.45;6772.15;6799.75
04/18/2012;07:50:01;426;6798.48;6798.01;6792.46;6802.35
04/18/2012;08:00:01;474;6798.08;6792.19;6789.7;6812.84
04/18/2012;08:10:01;450;6792.3;6791.57;6786.26;6798.74
04/18/2012;08:20:01;419;6791.81;6788.31;6783.91;6796.72
04/18/2012;08:30:01;445;6789.48;6784.94;6779.4;6796.51
04/18/2012;08:40:01;452;6785.12;6770.84;6766.15;6786.08
04/18/2012;08:50:01;428;6770.89;6757.32;6757.27;6776.55
04/18/2012;09:00:01;441;6756.55;6762.51;6752.22;6765.23
04/18/2012;09:10:01;460;6762.71;6776.27;6758.51;6777.46
04/18/2012;09:20:01;412;6776.36;6776.51;6766.36;6776.51
04/18/2012;09:30:01;371;6776.39;6772.33;6761.61;6778.79
04/18/2012;09:40:01;351;6772.23;6772.28;6764.5;6782.44
04/18/2012;09:50:01;326;6772.83;6778;6769.42;6778.56
04/18/2012;10:00:01;313;6778.14;6764.46;6764.28;6779.18
04/18/2012;10:10:01;300;6764.39;6760.53;6760.53;6769.96
04/18/2012;10:20:01;303;6760.46;6755.71;6753.62;6764.98
04/18/2012;10:30:01;302;6755.78;6752.35;6751.4;6764.28
04/18/2012;10:40:01;374;6752.46;6749.8;6743.79;6754.93
04/18/2012;10:50:01;323;6749.79;6745.94;6743.87;6750.2
04/18/2012;11:00:01;300;6746.09;6742.92;6739.44;6753.84
04/18/2012;11:10:01;290;6742.89;6744.27;6740.72;6747.2
04/18/2012;11:20:01;385;6744.58;6740.94;6732.16;6745.76
04/18/2012;11:30:01;333;6740.53;6730.95;6730.8;6740.53
04/18/2012;11:40:01;358;6730.86;6733.26;6720.68;6735.99
04/18/2012;11:50:01;329;6733.3;6739.19;6733.16;6741.74
04/18/2012;12:00:01;318;6739.13;6741.4;6731.32;6742.81
04/18/2012;12:10:01;297;6741.62;6750.12;6741.62;6751.66
04/18/2012;12:20:01;303;6750.04;6740.57;6740.57;6751.62
04/18/2012;12:30:01;341;6740.51;6745.25;6732.98;6746.32
04/18/2012;12:40:01;403;6745.32;6722.44;6718.14;6745.32
04/18/2012;12:50:01;403;6722.49;6733.84;6718.65;6736.63
04/18/2012;13:00:01;359;6732.61;6731.46;6729.16;6739.31
04/18/2012;13:10:01;345;6731.47;6738.12;6731.47;6742.51
04/18/2012;13:20:01;333;6738.21;6741.07;6736.56;6744.62
04/18/2012;13:30:01;413;6741.1;6756.3;6732.06;6756.3
04/18/2012;13:40:01;360;6756.33;6756.28;6748.47;6761.63
04/18/2012;13:50:01;347;6756.39;6759.22;6750.6;6764.71
04/18/2012;14:00:01;358;6759.45;6757.6;6749.45;6762.6
04/18/2012;14:10:01;350;6758.24;6760.16;6747.06;6764.65
04/18/2012;14:20:01;356;6760.88;6751.15;6747.15;6763.01
04/18/2012;14:30:01;386;6750.63;6769.07;6744.87;6769.89
04/18/2012;14:40:01;410;6769.12;6776.25;6764.15;6780.7
04/18/2012;14:50:01;379;6776.15;6770.84;6770.2;6777.48
04/18/2012;15:00:01;408;6770.86;6759.33;6757.21;6777.41
04/18/2012;15:10:01;448;6759.05;6745.62;6740.25;6759.52
04/18/2012;15:20:01;495;6746.38;6734.25;6732.65;6746.63
04/18/2012;15:30:01;23;6734.49;6732.03;6731.25;6734.84
